0.08765874660777118
0.08649372488967155
0.14634431895848943
0.08765874660777118
0.21052829165897857
0.14634431895848943
0.08649372488967155
0.14634431895848943
0.20819568264055954
0.14634431895848943
0.0011425032162941662
0.037972554060471064
3.669366765668425e-05
0.037972554060471064
3.669366765668425e-05
2.881522243036727e-08
3.234653922490338e-08
0.0
3.234653922490338e-08
0.0
0.0
2.881522243036727e-08
3.234653922490338e-08
0.0
3.234653922490338e-08
0.0
0.0
nan
2.881522243036727e-08
3.234653922490338e-08
0.0
3.234653922490338e-08
0.0
0.0
nan
nan
2.881522243036727e-08
3.234653922490338e-08
0.0
3.234653922490338e-08
0.0
0.0
nan
nan
nan
2.881522243036727e-08
3.234653922490338e-08
0.0
3.234653922490338e-08
0.0
0.0
nan
nan
nan
nan
2.881522243036727e-08
3.234653922490338e-08
0.0
3.234653922490338e-08
0.0
0.0
nan
nan
nan
nan
nan
2.881522243036727e-08
3.234653922490338e-08
0.0
3.234653922490338e-08
0.0
0.0
nan
nan
nan
nan
nan
nan
