0.02361743470562061
0.03715923997048809
0.030904229338241995
0.02361743470562061
0.159940759412874
0.030904229338241995
0.03715926007700876
0.030904230768227903
0.4227118819679261
0.03090423076822746
0.05641169666736845
0.09784036788510131
0.026578076372459125
0.09784036788510131
0.026578077270013156
0.008671039558097782
0.0070578349388659145
0.04648595831297886
0.0070578349388659145
0.046485945354609814
0.0031829632291309196
0.020121674211221796
0.012412003732423682
0.00508592136407271
0.01241200373242446
0.0050859310402650015
0.002216195559181955
0.03390403422658417
0.06001687300069025
0.055961412962337365
0.010951845845424746
0.055961412962337365
0.010951851801296542
0.017366200320318548
0.3817463597716175
0.028274222848936104
0.0
1.9541174900439273e-08
7.571218541002622e-09
1.954117567759539e-08
7.571218207935715e-09
3.190255731810865e-08
0.0
2.721981023912079e-08
0.0
0.0
1.9541174900439273e-08
7.571218541002622e-09
1.954117567759539e-08
7.571218207935715e-09
3.190255731810865e-08
0.0
2.721981023912079e-08
0.0
4.133450594949303e-07
0.0
1.9541174900439273e-08
7.571218541002622e-09
1.954117567759539e-08
7.571218207935715e-09
3.190255731810865e-08
0.0
2.721981023912079e-08
0.0
4.133450594949303e-07
4.133450594949303e-07
0.0
1.9541174900439273e-08
7.571218541002622e-09
1.954117567759539e-08
7.571218207935715e-09
3.190255731810865e-08
0.0
2.721981023912079e-08
0.0
4.133450594949303e-07
4.133450594949303e-07
4.133450594949303e-07
