0.00115636210177672
0.03506404460228185
0.04667567683922358
0.00115636210177672
0.23402990814913538
0.04667567683922358
0.03506407042816306
0.04667567550186358
0.3507559931316637
0.04667567550186358
0.03570311142567406
0.16743009291056188
0.03763544838830846
0.16743009291056188
0.03763544764374671
0.011173919704006385
0.06560044337552617
0.0417410925209587
0.06560044337552617
0.04174111049309914
0.002527017810078691
0.001141448382612431
0.013737144357356845
0.0031700744665639213
0.013737144357356845
0.0031700849603280012
0.014549086596042704
0.1296786766605924
1.7717544824602527e-06
1.8514701142224865e-06
1.8612491334835113e-06
1.8514701142224865e-06
1.8612491405889386e-06
1.920820684842006e-06
1.747723202161211e-06
1.8937589631451424e-06
1.7717544824602527e-06
1.8514701142224865e-06
1.8612491334835113e-06
1.8514701142224865e-06
1.8612491405889386e-06
1.920820684842006e-06
1.747723202161211e-06
1.8937589631451424e-06
3.5233249913499274e-06
1.7717544824602527e-06
1.8514701142224865e-06
1.8612491334835113e-06
1.8514701142224865e-06
1.8612491405889386e-06
1.920820684842006e-06
1.747723202161211e-06
1.8937589631451424e-06
3.5233249913499274e-06
3.5233249913499274e-06
1.7717544824602527e-06
1.8514701142224865e-06
1.8612491334835113e-06
1.8514701142224865e-06
1.8612491405889386e-06
1.920820684842006e-06
1.747723202161211e-06
1.8937589631451424e-06
3.5233249913499274e-06
3.5233249913499274e-06
3.5233249913499274e-06
1.7717544824602527e-06
1.8514701142224865e-06
1.8612491334835113e-06
1.8514701142224865e-06
1.8612491405889386e-06
1.920820684842006e-06
1.747723202161211e-06
1.8937589631451424e-06
3.5233249913499274e-06
3.5233249913499274e-06
3.5233249913499274e-06
3.5233249913499274e-06
