0.009267603892314069
0.011119913204721055
0.018437977339739398
0.009267603892314069
0.12126346105007757
0.018437977339739398
0.011119919573592929
0.01843797836028027
0.3612073813249068
0.018437978360280494
0.017815287512921718
0.08197472194943678
0.018429015373464308
0.08197472194943833
0.018429016131514597
0.004709197990605762
0.001616268464113002
0.09229869683798042
0.001616268464113002
0.09229868966797872
0.0005848595918599431
0.006771855184928954
0.024124887310793985
0.004863995319124181
0.024124887310793985
0.004864001465784917
0.0074066974075234215
0.015400225379059163
0.01686035115133233
0.022029503619855673
0.06067793222832196
0.022029503619855673
0.060677943888204355
0.009601105072657656
0.29011017507044334
0.013251207410295174
0.010038698728170425
0.007314496642871315
0.005133178226839119
0.007314496642874202
0.005133178805616367
0.0009934159750493166
0.01752480267868406
0.05161927381359588
0.01628429920972363
0.03345082485615114
0.024597595415777107
0.055309378235067985
0.02459759541577744
0.0553093878996358
0.013185187195336456
0.21953814831199603
0.016642776176982843
0.2900820538020641
0.02235538633602585
0.01233028017753457
0.0027539014613424673
0.005659515908309265
0.002753901461341801
0.005659516495572281
0.0016270918835177284
0.0179564927783038
0.031557362100215536
0.016739131126398687
0.0763323138535904
0.010559716472941849
1.6663950067608013e-06
1.8606335001614127e-06
1.784793863923717e-06
1.8606335001614127e-06
1.7847938457160595e-06
1.9012725052114376e-06
1.7391816637957191e-06
1.8866299943964826e-06
1.7422767230046432e-06
1.8671449936169537e-06
1.7616652632224117e-06
1.8719756997298553e-06
