0.018034619200272828
0.016232900557416885
0.01959319458843556
0.018034619200272828
0.12215601727556036
0.01959319458843556
0.01623290979644132
0.019593195531855567
0.3871129531805403
0.019593195531855567
0.0318676314460169
0.07678895893173976
0.018778663884763347
0.07678895893174009
0.01877866455276378
0.006700165971787797
0.0015578922528054484
0.09555578796240649
0.0015578922528054484
0.09555577852047414
0.0014160805561634904
0.014298635784593339
0.018274407513837354
0.00451651028287281
0.018274407513837354
0.004516517377789464
0.0038905876493331437
0.015902676646698533
0.020119880785617994
0.024119164258073145
0.058634752833902404
0.024119164258073145
0.05863476555566338
0.009228965856661997
0.3147387441048828
0.013546484185050112
0.019251545689263128
0.003634115607204391
0.005042219988611096
0.003634115607204391
0.005042220501438099
0.0035891183284930683
0.018907213442114212
0.04595514311585802
0.017490479219571253
0.04387140117316557
0.026651037561207458
0.05246703867568714
0.026651037561207458
0.05246704902787269
0.013073681196206
0.2346050426518056
0.017160857431205767
0.3108522980465487
0.02396705881789929
0.0
3.95725087698473e-08
1.3838274748323443e-08
3.95725087698473e-08
1.3838273860145023e-08
5.409046116566785e-08
0.0
4.877498338551334e-08
0.0
4.185305441106735e-08
6.196568924643486e-09
0.0
3.95725087698473e-08
1.3838274748323443e-08
3.95725087698473e-08
1.3838273860145023e-08
5.409046116566785e-08
0.0
4.877498338551334e-08
0.0
4.185305441106735e-08
6.196568924643486e-09
5.886377684281556e-07
