0.01006800699072885
0.0834214026782325
0.05355597437728754
0.01006800699072885
0.24065732778364923
0.05355597437728754
0.08342144003743046
0.05355599570324854
0.3723647924022594
0.05355599570324854
0.11282988794334858
0.15697393534335458
0.0379411996992165
0.15697393534335502
0.037941210010385085
0.012454667932139563
0.13866012092764746
0.12474388312301665
0.13866012092764757
0.12474388164399863
0.022493543728280496
0.0
1.2473461263873276e-08
1.7281737263452612e-08
1.2473461263873276e-08
1.7281727160423088e-08
4.826094063270503e-08
0.0
0.0
1.2473461263873276e-08
1.7281737263452612e-08
1.2473461263873276e-08
1.7281727160423088e-08
4.826094063270503e-08
0.0
8.262047330180962e-07
0.0
1.2473461263873276e-08
1.7281737263452612e-08
1.2473461263873276e-08
1.7281727160423088e-08
4.826094063270503e-08
0.0
8.262047330180962e-07
8.262047330180962e-07
0.0
1.2473461263873276e-08
1.7281737263452612e-08
1.2473461263873276e-08
1.7281727160423088e-08
4.826094063270503e-08
0.0
8.262047330180962e-07
8.262047330180962e-07
8.262047330180962e-07
0.0
1.2473461263873276e-08
1.7281737263452612e-08
1.2473461263873276e-08
1.7281727160423088e-08
4.826094063270503e-08
0.0
8.262047330180962e-07
8.262047330180962e-07
8.262047330180962e-07
8.262047330180962e-07
0.0
1.2473461263873276e-08
1.7281737263452612e-08
1.2473461263873276e-08
1.7281727160423088e-08
4.826094063270503e-08
0.0
8.262047330180962e-07
8.262047330180962e-07
8.262047330180962e-07
8.262047330180962e-07
8.262047330180962e-07
