0.008889151587208044
0.02022025902774449
0.028016093503796857
0.008889151587208044
0.15729444829735884
0.028016093503796857
0.020220272515780957
0.02801609468169175
0.3862168628143723
0.02801609468169175
0.024838983733820874
0.10692250817871529
0.026013605909327664
0.10692250817871529
0.02601360671380415
0.006043070554030416
0.006068375315951835
0.04641987590763019
0.006068375315951835
0.04641986566746237
0.0008151596579479836
0.006724264287938042
0.02217926476788512
0.005899865860657827
0.02217926476788512
0.005899876330497267
0.0024172090003778957
0.030748933508102372
0.04296055734680504
0.04648338988300238
0.017718195767749245
0.046483389883001935
0.017718203454781367
0.017757313273910835
0.3235089276260026
0.026052926989660552
0.010271447019306157
0.003473151688103693
0.006824468847154375
0.0034731516881035818
0.006824469469862482
0.0059074704141208745
0.03798750017550834
0.0581289946696959
0.03457020180712722
2.2670060684237825e-06
2.478455871923746e-06
2.40983261523553e-06
2.4784558644852517e-06
2.409832624117314e-06
2.544871539722493e-06
2.3243840876485677e-06
2.520367642533383e-06
2.3297954463430415e-06
2.4887900438863575e-06
2.2670060684237825e-06
2.478455871923746e-06
2.40983261523553e-06
2.4784558644852517e-06
2.409832624117314e-06
2.544871539722493e-06
2.3243840876485677e-06
2.520367642533383e-06
2.3297954463430415e-06
2.4887900438863575e-06
4.56294511449028e-06
2.2670060684237825e-06
2.478455871923746e-06
2.40983261523553e-06
2.4784558644852517e-06
2.409832624117314e-06
2.544871539722493e-06
2.3243840876485677e-06
2.520367642533383e-06
2.3297954463430415e-06
2.4887900438863575e-06
4.56294511449028e-06
4.56294511449028e-06
